30
3
3 5 3
4
3 7 5 8
3
3 3 1
4
5 4 3 1
5
7 6 5 3 1
20
4 8 3 9 2 8 7 1 9 4 5 9 1 9 6 4 4 5 2 3
20
11 1 3 13 9 7 8 5 9 9 15 15 6 14 12 6 15 12 1 6
20
20 20 12 2 12 9 6 19 5 7 16 10 4 4 13 3 19 12 8 6
20
10 20 2 25 8 22 9 21 5 23 22 4 11 6 3 6 8 4 7 11
20
5 28 5 17 24 20 12 11 13 28 9 12 3 1 6 29 8 10 3 1
30
19 15 16 20 15 14 16 16 18 5 19 15 8 4 7 6 15 20 19 1 13 1 19 5 5 18 19 12 19 8
30
6 6 7 10 8 21 13 22 7 7 24 10 9 23 12 13 13 22 24 14 21 9 5 20 8 2 14 8 14 3
30
14 13 3 30 8 4 10 11 17 3 10 24 8 18 19 7 5 8 12 4 17 4 24 8 28 17 9 24 1 23
30
15 18 28 21 15 33 6 26 35 18 31 21 7 8 11 16 5 27 23 8 21 16 30 12 24 9 16 1 16 6
30
37 2 10 11 20 34 20 8 18 13 2 27 3 31 38 37 6 39 22 25 14 39 35 11 10 28 30 9 40 40
50
12 1 29 36 4 35 7 9 22 16 15 40 39 19 9 32 2 14 6 33 17 1 4 39 4 7 4 1 17 1 37 26 20 39 7 32 33 19 10 27 24 1 24 8 32 21 32 15 32 11
50
7 33 11 13 8 41 31 16 9 23 9 19 27 30 12 13 15 14 2 43 6 18 16 2 13 34 31 35 14 27 21 26 16 33 22 43 41 30 3 10 33 34 41 19 16 41 27 6 38 24
50
34 22 49 12 26 21 16 25 5 17 7 3 31 3 31 48 19 29 33 18 8 23 25 50 37 38 19 50 36 35 10 27 38 47 25 13 7 28 45 12 42 24 47 16 13 3 27 27 50 3
50
14 51 28 13 1 2 7 46 38 20 1 53 20 40 9 48 48 18 44 51 50 46 5 7 16 4 41 53 43 6 13 4 40 5 47 11 45 7 41 34 20 22 51 52 24 17 52 24 33 31
50
15 23 2 55 5 41 6 10 17 45 58 7 5 12 6 5 29 7 29 46 10 32 15 4 30 33 3 38 19 53 35 44 18 8 35 10 21 1 39 37 40 29 29 14 29 17 38 57 39 28
70
4 21 56 40 79 5 1 38 40 30 25 48 67 66 48 70 16 32 3 35 13 33 29 17 10 35 48 63 28 35 4 18 70 32 47 10 69 46 22 39 11 9 2 59 30 74 7 34 18 31 17 47 20 21 80 56 72 9 5 54 6 32 61 5 48 36 46 67 56 48
70
70 52 2 77 76 65 55 28 54 21 8 6 24 10 33 62 2 51 41 63 4 12 23 11 64 19 66 47 84 69 49 62 19 50 56 6 9 42 60 42 34 50 4 73 68 63 58 25 47 35 30 51 7 64 22 33 55 32 48 48 54 48 27 81 33 62 29 6 81 80
70
1 8 21 9 20 78 8 16 10 54 42 40 89 7 3 56 54 27 2 29 18 68 25 22 15 89 54 40 84 85 40 49 46 70 43 81 54 7 19 2 10 28 31 77 64 35 89 26 16 73 85 84 83 58 37 90 26 41 8 34 59 66 2 23 27 72 73 14 72 56
70
74 73 91 75 75 71 60 27 17 2 61 92 62 54 76 59 57 27 80 42 66 5 7 46 73 45 91 22 51 16 94 76 94 90 7 44 87 88 9 9 8 36 53 28 45 7 23 70 84 54 89 52 35 24 51 58 73 28 90 5 32 73 2 3 73 78 7 31 23 42
70
25 88 31 26 8 51 68 2 16 16 13 63 45 30 11 95 62 30 84 71 99 42 9 26 4 77 41 70 89 24 47 90 60 41 85 71 83 35 98 43 87 5 1 90 44 50 82 65 44 56 4 85 66 84 95 94 10 73 81 27 38 72 4 39 70 24 61 56 20 21
100
23 77 92 109 3 90 63 74 36 9 41 11 81 85 53 23 87 21 32 102 2 96 23 37 18 3 87 36 84 7 31 105 68 71 73 92 20 84 8 98 108 42 30 7 48 44 100 30 71 101 48 32 70 90 92 63 103 49 46 73 56 81 6 5 94 21 82 87 18 26 83 19 13 45 62 87 74 57 38 67 68 98 86 62 39 72 38 53 28 66 44 91 64 27 79 32 12 66 33 26
100
8 42 34 35 66 80 81 2 32 78 21 76 102 53 102 19 39 35 107 80 69 24 25 97 33 1 100 95 21 36 48 34 18 52 57 67 77 13 23 35 69 87 64 56 99 13 79 85 18 46 2 63 107 110 11 82 86 4 27 62 2 2 42 67 32 101 95 31 109 45 4 59 29 79 39 83 14 58 107 108 79 101 29 81 47 89 33 52 106 109 16 95 2 5 75 27 45 15 85 65
100
3 108 59 73 76 45 2 107 84 14 99 36 23 61 79 28 38 6 110 60 64 61 70 54 43 58 78 101 48 93 93 79 99 49 34 41 83 94 21 103 35 96 27 25 48 62 73 97 46 71 78 13 8 67 100 47 58 33 84 81 12 109 85 47 85 37 99 77 51 53 69 16 17 12 79 31 112 82 81 70 47 69 89 69 71 103 84 38 42 46 27 65 5 91 69 94 67 85 15 107
100
111 89 34 7 99 1 17 112 70 50 72 17 118 16 112 50 3 111 30 25 6 30 43 106 68 13 39 90 114 67 106 30 43 35 67 112 24 55 36 18 112 5 53 14 88 33 112 101 116 84 45 6 54 76 103 65 110 4 79 101 52 93 8 23 10 92 2 52 37 14 83 56 69 26 106 64 11 54 110 13 51 69 23 98 98 31 27 25 26 49 108 104 51 110 64 57 4 14 9 50
100
74 111 77 3 40 41 41 94 32 30 114 116 81 2 76 61 34 111 71 31 21 84 102 84 39 95 98 69 104 16 55 4 6 25 52 64 31 3 113 50 102 90 12 72 5 27 21 39 61 85 19 94 114 30 61 57 26 95 46 83 54 75 27 64 18 84 111 58 26 63 81 10 30 56 12 9 96 65 48 64 107 119 87 69 46 54 26 46 57 55 52 75 88 30 71 31 109 80 110 103
